3 and 8 - PUNU
0.05 , 0.86755645 , 0.95687884 , 0.9122177
0.1 , 0.8767967 , 0.95790553 , 0.9173511
0.15000000000000002 , 0.8963039 , 0.95687884 , 0.9265914
0.2 , 0.8963039 , 0.95790553 , 0.9271047
0.25 , 0.90759754 , 0.9589322 , 0.9332649
0.3 , 0.91581106 , 0.9599589 , 0.937885
0.35 , 0.92402464 , 0.9589322 , 0.94147843
0.39999999999999997 , 0.9322382 , 0.95687884 , 0.9445585
0.44999999999999996 , 0.93942505 , 0.95585215 , 0.94763863
0.49999999999999994 , 0.9466119 , 0.94763863 , 0.94712526
0.5499999999999999 , 0.9455852 , 0.9435318 , 0.9445585
0.6 , 0.949692 , 0.936345 , 0.9430185
0.65 , 0.9507187 , 0.9312115 , 0.9409651
0.7000000000000001 , 0.9507187 , 0.9291581 , 0.9399384
0.7500000000000001 , 0.95585215 , 0.92505133 , 0.94045174
0.8000000000000002 , 0.96303904 , 0.912731 , 0.937885
0.8500000000000002 , 0.95790553 , 0.9137577 , 0.9358316
0.9000000000000002 , 0.9609856 , 0.8952772 , 0.9281314


3 and 8 - PNU
-0.9 , 0.81930184 , 0.96406573 , 0.89168376
-0.8 , 0.82648873 , 0.9681725 , 0.8973306
-0.7000000000000001 , 0.8470226 , 0.9650924 , 0.9060575
-0.6000000000000001 , 0.86960983 , 0.9650924 , 0.9173511
-0.5000000000000001 , 0.86858314 , 0.9661191 , 0.9173511
-0.40000000000000013 , 0.8963039 , 0.96406573 , 0.9301848
-0.30000000000000016 , 0.9199179 , 0.9609856 , 0.94045174
-0.20000000000000015 , 0.9291581 , 0.95585215 , 0.9425051
-0.10000000000000014 , 0.94045174 , 0.9527721 , 0.9466119
-1.3877787807814457e-16 , 0.9507187 , 0.9435318 , 0.94712526
0.09999999999999987 , 0.94045174 , 0.9527721 , 0.9466119
0.19999999999999987 , 0.9281314 , 0.95790553 , 0.9430185
0.2999999999999999 , 0.9199179 , 0.9609856 , 0.94045174
0.3999999999999999 , 0.91581106 , 0.96303904 , 0.93942505
0.4999999999999999 , 0.9034908 , 0.9589322 , 0.9312115
0.5999999999999999 , 0.88603693 , 0.9599589 , 0.92299795
0.6999999999999998 , 0.88398355 , 0.9599589 , 0.92197126
0.7999999999999998 , 0.86960983 , 0.9589322 , 0.91427106
0.8999999999999998 , 0.8706365 , 0.95687884 , 0.9137577
0.9999999999999998 , 0.8634497 , 0.9537988 , 0.90862423


Now changing to ramp loss

3 and 8 - PUNU
0.0 , 0.8542094 , 0.9702259 , 0.9122177
0.05 , 0.8542094 , 0.9691992 , 0.9117043
0.1 , 0.85934293 , 0.9702259 , 0.9147844
0.15000000000000002 , 0.86652976 , 0.97330594 , 0.9199179
0.2 , 0.88603693 , 0.9702259 , 0.9281314
0.25 , 0.89938396 , 0.9681725 , 0.9337782
0.3 , 0.90657085 , 0.9681725 , 0.9373717
0.35 , 0.9168378 , 0.9650924 , 0.9409651
0.39999999999999997 , 0.92402464 , 0.9620123 , 0.9430185
0.44999999999999996 , 0.9435318 , 0.9517454 , 0.94763863
0.49999999999999994 , 0.9527721 , 0.94045174 , 0.9466119
0.5499999999999999 , 0.9527721 , 0.94045174 , 0.9466119
0.6 , 0.95482546 , 0.9312115 , 0.9430185
0.65 , 0.9620123 , 0.92402464 , 0.9430185
0.7000000000000001 , 0.9650924 , 0.9188912 , 0.9419918
0.7500000000000001 , 0.9620123 , 0.9168378 , 0.93942505
0.8000000000000002 , 0.0 , 1.0 , 0.5
0.8500000000000002 , 0.97125256 , 0.89117044 , 0.9312115
0.9000000000000002 , 0.98049283 , 0.8439425 , 0.9122177
0.9500000000000003 , 0.97843945 , 0.8439425 , 0.911191
1.0000000000000002 , 0.976386 , 0.8377823 , 0.90708417

3 and 8 - PNU

-1.0 , 1.0 , 0.0 , 0.5
-0.9 , 0.8552361 , 0.9691992 , 0.9122177
-0.8 , 0.862423 , 0.9702259 , 0.91632444
-0.7000000000000001 , 0.87577003 , 0.9691992 , 0.9224846
-0.6000000000000001 , 1.0 , 0.0 , 0.5
-0.5000000000000001 , 0.8983573 , 0.9691992 , 0.9337782
-0.40000000000000013 , 0.90862423 , 0.9671458 , 0.937885
-0.30000000000000016 , 0.912731 , 0.9661191 , 0.93942505
-0.20000000000000015 , 0.9271047 , 0.9620123 , 0.9445585
-0.10000000000000014 , 0.9445585 , 0.9507187 , 0.94763863
-1.3877787807814457e-16 , 0.949692 , 0.9435318 , 0.9466119
0.09999999999999987 , 0.9455852 , 0.9507187 , 0.94815195
0.19999999999999987 , 0.9312115 , 0.95790553 , 0.9445585
0.2999999999999999 , 0.91581106 , 0.9661191 , 0.9409651
0.3999999999999999 , 0.90862423 , 0.9671458 , 0.937885
0.4999999999999999 , 0.9024641 , 0.9650924 , 0.9337782
0.5999999999999999 , 0.8809035 , 0.97227925 , 0.9265914
0.6999999999999998 , 0.8655031 , 0.97330594 , 0.9194045
0.7999999999999998 , 0.8634497 , 0.9691992 , 0.91632444
0.8999999999999998 , 0.8459959 , 0.97227925 , 0.9091376
0.9999999999999998 , 0.0 , 1.0 , 0.5


